,sigma,tau,V_m (nm3),Eccentricity(Ear),Eccentricity(Eal)
Run 1,0.06031255493800983,0.22076106190326988,0.4457948981268716,0.19171268913412937,0.0814187958977194
Run 2,0.09370745167241039,0.18771253953153283,0.5065916225956204,0.14534353553391255,0.06664485066652372
Run 3,0.0757990233836018,0.190853086595285,0.39885808628847097,0.213338617518657,0.12115118621398513
Run 4,0.13663352773464332,0.1953384677384134,0.3689543907822767,0.1943042012849753,0.1047694124596913
Run 5,0.07408710248859121,0.22387296596366382,0.45396460316254633,0.1554892019076883,0.09258612647751047
Run 6,0.08253728698427142,0.17907113688645143,0.41475770770254217,0.14893702495352057,0.17469684347321437
Run 7,0.10331167937160984,0.1960060542083435,0.39957257657012,0.20755509533460226,0.09355459451532434
Run 8,0.09248232987786581,0.17916328795722022,0.42378017229344117,0.20146825070355032,0.10310595916792245
Run 9,0.10315534482128477,0.18895776547540216,0.43301539042890086,0.16795384927259951,0.10691765000181266
Run 10,0.13083298688724335,0.15647519742704652,0.4370814254586653,0.17022959300521487,0.10538079722182997
Run 11,0.09649576515230394,0.25392974892960024,0.39937233643020564,0.14177524958533885,0.1084268999025513
Run 12,0.09218076819974931,0.2104307769317764,0.4495153308381931,0.18960250670530454,0.05827061732497643
Run 13,0.10789941741293282,0.1494675575319883,0.42934346951747215,0.207950347159076,0.10533920837853072
Run 14,0.11080144569824707,0.20685363316070304,0.3998048585738872,0.18731652664636497,0.0952235359207977
Run 15,0.08998765551357223,0.12218435997862571,0.4730403859831852,0.2696727534257081,0.04511484509890862
Run 16,0.09150921145932767,0.2910539351478153,0.4360686454125504,0.11898656125691214,0.06238164672339459
Run 17,0.09315905855262725,0.2114285124957246,0.4477038765016427,0.12738630335623258,0.12032224909377287
Run 18,0.09630091165183216,0.19021454989695216,0.5189684754930434,0.12832839114280736,0.06618767181536477
Run 19,0.09297422298644746,0.1592035796343992,0.41570190047746686,0.22122075925678372,0.11089953764490271
Run 20,0.08286511324339714,0.1772840961937847,0.4680529619052991,0.1682084224832297,0.10358940617428929
Run 21,0.12208265512536794,0.15665305016105704,0.4234377341929456,0.17453594812596993,0.12329061239465941
Run 22,0.08503177056961958,0.20877794504864747,0.40173600679446,0.16709858544302705,0.1373556921442457
Run 23,0.1088700277144899,0.14748784378402907,0.43522726552032615,0.18454172565653326,0.12387313732462171
Run 24,0.09402314928509879,0.2227205641807677,0.4522716589643123,0.16888661919007206,0.06209800837974917
Run 25,0.10067741769577604,0.17712669836356879,0.4479106880292363,0.1755418840848169,0.09874331182660204
Run 26,0.09426890146867598,0.2307748168585965,0.4735178302472227,0.10231257911826105,0.09912587230724379
Run 27,0.08404483872554262,0.19842008159640082,0.44640140560422337,0.18304441689618878,0.08808925717764451
Run 28,0.10136712955831544,0.15604818521412128,0.4935825928274067,0.14380406547645766,0.10519802692369894
Run 29,0.09636941987455186,0.154259427317245,0.4233761630339533,0.1961662384996581,0.1298287512745917
Run 30,0.06557209091594886,0.2102516620119951,0.3974780796108759,0.17715589673899726,0.14954227072218296
Run 31,0.11164341881464768,0.18995751547544207,0.4413927835328145,0.14596208839620992,0.1110441937808859
Run 32,0.11966823168295733,0.15730834398359483,0.4057532602960122,0.20552298801074348,0.1117471760266922
Run 33,0.09465316286075531,0.17907195626849406,0.44142478636268273,0.16042050063087382,0.12442959387719414
Run 34,0.10718600744443542,0.13599228587010453,0.4705851592946019,0.19176021232275653,0.09447633506810169
Run 35,0.0986788904918326,0.1854663735303672,0.4556941055341082,0.15018955122473576,0.1099710792189562
Run 36,0.12833425931541198,0.17297502172175477,0.3713239828539089,0.22143631290267624,0.10593042320624821
Run 37,0.10823911002435006,0.18715458458324874,0.3918380657240715,0.17667009465297417,0.13609814501535555
Run 38,0.09658623205686555,0.20503607441365473,0.4051015805802459,0.18756237986953378,0.10571373307969988
Run 39,0.12544101579833727,0.14655785001984906,0.38490309373967235,0.22686602489918278,0.1162320155429586
Run 40,0.06454395680685127,0.232623373197666,0.47215096269052315,0.13612251774708828,0.09455918955787129
Run 41,0.0898352617851945,0.17509146412923807,0.4427364599923414,0.200016728125565,0.09232008596766082
Run 42,0.08321073656382667,0.22339555476466716,0.46859196154257166,0.13160313493157758,0.09319861219735687
Run 43,0.11496501797061986,0.19540974293301283,0.4350447917677755,0.14663897443394622,0.10794147289464555
Run 44,0.07311296775566607,0.1841596850825675,0.40181783730173654,0.20608907905688986,0.1348204308031401
Run 45,0.10914574246150115,0.16710045379976185,0.4621587314674543,0.14943524071553468,0.11215983155574792
Run 46,0.09248589128539518,0.18616181081334518,0.3934295046316161,0.2263385194791795,0.10158427379046409
Run 47,0.1235728216787103,0.22051444795025857,0.4268071060944775,0.16711183140107114,0.06199379287548247
Run 48,0.10582845466288708,0.17320545634460494,0.42293689607485724,0.1486813173386533,0.14934787557899745
Run 49,0.10600533172194403,0.21481920541912414,0.4072956714404721,0.1438661756035207,0.1280136158149391
Run 50,0.09910305228576888,0.20890055394520554,0.43399958334557853,0.1754490625318077,0.08254774789163935
Run 51,0.07482363522841894,0.2557197410626244,0.4673252999896179,0.1252892553874477,0.07684206833189118
Run 52,0.09869000501077228,0.18232562623544357,0.45859356807784457,0.1652922244457722,0.09509857623016739
Run 53,0.08610539358552444,0.2445068842433934,0.4688273532027539,0.11898250086123971,0.08157786810708849
Run 54,0.09061701381797786,0.18631560248820841,0.43426609475626127,0.15869249083384493,0.13010879810370748
Run 55,0.08245416120190156,0.23131793170704484,0.4350796226152492,0.11542838941468626,0.13571989506111817
Run 56,0.11500247808429688,0.1534755841393391,0.4487432634783703,0.1898217392685547,0.0929569350294391
Run 57,0.10202446844950279,0.21263320897801852,0.3706328441546548,0.17882963387730502,0.13587984454051896
Run 58,0.08934488950323957,0.22075499556105874,0.4671403793743944,0.12452051024802667,0.09823922531328073
Run 59,0.10484805651981503,0.1762353049585943,0.38214471853110743,0.20412982904361762,0.13264209094686571
Run 60,0.1090557488888942,0.16655661348450443,0.4256396236025288,0.18423910467264065,0.11450890935143193
Run 61,0.10613250215299656,0.17882201662700223,0.4475197813319193,0.17757610440453836,0.08994959548354343
Run 62,0.09104565794819211,0.1870847511112467,0.42570113456036396,0.18136038398403748,0.1148080723961597
Run 63,0.08441632202979657,0.229944237018429,0.4415578927867253,0.14610698399326424,0.09797456417178486
Run 64,0.06800075864871757,0.23038684578789007,0.45640604809391794,0.1522193325160184,0.09298701495345611
Run 65,0.11113662648292823,0.24164053926139448,0.38969229663561955,0.1461468544500836,0.11138368316997403
Run 66,0.08390164365982822,0.1936507490018155,0.4692601636991217,0.16799324220394826,0.08519420143528633
Run 67,0.09684561961843981,0.20201889828054875,0.4028764973951008,0.1344726821331383,0.1637863025727723
Run 68,0.1128810122099996,0.15097865569380542,0.36745700051527475,0.24045089308499204,0.12823243849592833
Run 69,0.09049174146033707,0.18834471684546683,0.42419850183744773,0.1867554948228969,0.11020954503385144
Run 70,0.08532206321319631,0.202313944399008,0.47045463394731074,0.16326037399066035,0.07864898444982463
Run 71,0.09021178436901658,0.19535562838746523,0.40173680614331,0.21170640727181883,0.10098937382838931
Run 72,0.09885939326566275,0.2182943270671414,0.4036449641172458,0.16490706513659054,0.11429425041335926
Run 73,0.09963151568697572,0.15464033575308145,0.40164506614552986,0.22981425322505278,0.11426882918936009
Run 74,0.05396902617049532,0.19566247198845257,0.4612789406532754,0.13887104543630224,0.15021851575147452
Run 75,0.07752916291409775,0.20140018617607694,0.4781819410385808,0.1264787423712687,0.11640996749997592
Run 76,0.1144991293369748,0.2053837153591212,0.41254515715749535,0.16746560057431992,0.10010639757208871
Run 77,0.0881891165314719,0.18333508287125042,0.4239154227646675,0.22385272950381482,0.08070764832879539
Run 78,0.07618570145107832,0.20183547427914664,0.4606852427348421,0.1447444336683298,0.11654914786660318
Run 79,0.0793808164546808,0.23178482136110495,0.37294832141104095,0.17691586427242095,0.13897017650075227
Run 80,0.09085004984427622,0.2164813639891123,0.4285777654205862,0.13690873581041726,0.1271820849356081
Run 81,0.08836943266129549,0.1984572337635429,0.3966415587191704,0.20029584336923417,0.11623593148675711
Run 82,0.08683276328355681,0.15717322383382726,0.48768716652591376,0.16501619301329531,0.10329065334340684
Run 83,0.08186118818386783,0.21557116039887747,0.4030203726903213,0.18849950464888143,0.11104777407805201
Run 84,0.09069067488571472,0.24705310473937683,0.43975052888653343,0.14634688649465585,0.07615880499371913
Run 85,0.10743129447700303,0.2019786323730844,0.40779653168620805,0.1631361076167338,0.11965743384697088
Run 86,0.07241889982522087,0.20349159263125638,0.44837957149057983,0.14967025980114823,0.12603967625179474
Run 87,0.1050196486900874,0.17335603703415414,0.42897360389155864,0.18491603793887407,0.10773467244532568
Run 88,0.06546584400061455,0.2463514518517755,0.4417940468239085,0.13353036429931328,0.1128582930243881
Run 89,0.10077507176583232,0.22316915879632038,0.4533968295296789,0.14070161436014744,0.08195732554802099
Run 90,0.09261842304295465,0.19843345358074557,0.4581373351076514,0.1434277955232392,0.10738299274540924
Run 91,0.10095910010732456,0.21517561893818749,0.45573001912017663,0.15863831201425022,0.06949694982006109
Run 92,0.13540092373848506,0.150651349742506,0.4197661664498324,0.16822565732207048,0.12595590274710602
Run 93,0.09972296615135906,0.17837551453276643,0.4156364641086261,0.20452718981977952,0.10173786538746904
Run 94,0.11309983808722716,0.18572325588719835,0.4610778408495068,0.11559832872591227,0.12450073645015544
Run 95,0.08347399372096195,0.20069050048833956,0.4518728422269058,0.17279571064419652,0.09116695291959621
Run 96,0.08561601755242068,0.21324654264455511,0.4427092645625621,0.17225259316742772,0.0861755820730343
Run 97,0.11321585052787667,0.18490733813066587,0.3962051082149766,0.19085717961242252,0.11481452351405831
Run 98,0.09254027355641249,0.1960512878198519,0.4796616928335611,0.16078763118973224,0.0709591146004422
Run 99,0.10339504407065774,0.19008097795667608,0.41210225125921596,0.22136002963905807,0.0730616970743921
Run 100,0.11718817402637341,0.16913633144064658,0.41483352548088437,0.21057345345374912,0.08826851559834653
Mean,0.096,0.195,0.433,0.171,0.106
95% CI,"(0.093, 0.099)","(0.189, 0.201)","(0.426, 0.439)","(0.165, 0.177)","(0.101, 0.11)"
