,sigma,tau,V_m (nm3),Eccentricity(Ear),Eccentricity(Eal)
Run 1,0.10317207497534137,0.19386933929751796,0.4196639604745651,0.17532673187154496,0.10796789338103074
Run 2,0.07047397000022201,0.21535184337576332,0.46952349429339324,0.14955118428260264,0.09509950804801885
Run 3,0.13405863916839858,0.16241505695603473,0.3428907840921348,0.19944597409853843,0.16118954568489346
Run 4,0.09347693044268238,0.1969874484317609,0.41029162539447167,0.1777317288895271,0.12151226684155782
Run 5,0.0968740845022526,0.18960931073362136,0.44015409288839086,0.17082027339211145,0.10254223848362372
Run 6,0.09407633947276735,0.19092971201784717,0.4574176302979024,0.1498929839545221,0.10768333425696103
Run 7,0.10174909428900918,0.19525312671477515,0.44084935179528056,0.15906504060870966,0.10308338659222549
Run 8,0.11444910019396076,0.20003350227910718,0.3829089229448601,0.19578599636397115,0.10682247821810081
Run 9,0.12209285888416367,0.1825967252607365,0.34704245313826704,0.20229390188246796,0.1459740608343648
Run 10,0.12093592020653021,0.16898877198416837,0.44803312772591575,0.15604802943706395,0.10599415064632167
Run 11,0.1083246659552488,0.21742961460607296,0.4179930913971224,0.159315627562916,0.09693700047863983
Run 12,0.11984212029428387,0.16986314243986403,0.4267278909991874,0.15895085271109802,0.12461599355556656
Run 13,0.09508367500352358,0.19049203329846265,0.39514499141701087,0.17050823668798634,0.14877106359301662
Run 14,0.10991695364625345,0.21753213828870485,0.431560585232937,0.16183784831007655,0.07915247452202809
Run 15,0.1528995233530959,0.17166650127495517,0.4074391509343575,0.16524350797592977,0.10275131646166175
Run 16,0.11807892686912175,0.18489980745297607,0.42787916764956785,0.16780251342061003,0.10133958460772428
Run 17,0.09347012738455017,0.20290758877549953,0.38741149879466724,0.17506438098699348,0.14114640405828976
Run 18,0.09526266800749403,0.17930375720739347,0.4381981732295778,0.16303536363543097,0.12420003792010365
Run 19,0.12852119407969764,0.18120676337614613,0.4260822337386283,0.14787067387943376,0.11631913492609412
Run 20,0.12329137196502743,0.1672735306472501,0.43500587333182783,0.2052005413672514,0.06922868268864321
Run 21,0.09852432291784559,0.17633938666844753,0.4905283900719812,0.15208409849511717,0.08252380184660847
Run 22,0.10793739009189787,0.20002589784462077,0.41292037643705043,0.1712891686467236,0.10782716697970741
Run 23,0.1043785940750999,0.20173580826376258,0.427553327420669,0.155840852035635,0.11049141820483357
Run 24,0.1084124528360315,0.176689188068602,0.4162215180791464,0.17666767264579938,0.12200916837042064
Run 25,0.09466612669179285,0.20201850250999273,0.4287758803792392,0.17552204144318018,0.09901744897579488
Run 26,0.10366917358231825,0.15508993710407334,0.45480834419176996,0.18278327102475034,0.10364927409708811
Run 27,0.11873814224657049,0.16608378045779026,0.4381672021298014,0.17621730839952413,0.10079356676631371
Run 28,0.13474661504692412,0.19515899614265306,0.41970638075811395,0.18082096189085708,0.0695670461614518
Run 29,0.12341004713110341,0.17182947832494821,0.42060961326034335,0.18009059116171328,0.10406027012189187
Run 30,0.08504550022662878,0.2032066526425371,0.4748052542135386,0.13861936696395483,0.09832322595334071
Run 31,0.10567821085758622,0.20623892568879132,0.43250143895576376,0.14314960757696643,0.1124318169208923
Run 32,0.11734268896842971,0.17896152486815195,0.467321172455973,0.11747003887543819,0.11890457483200713
Run 33,0.09964712763427337,0.22149245059163597,0.4337577998559013,0.15730810249193453,0.08779451942625481
Run 34,0.06789432529393458,0.22394070221742063,0.43327567853050925,0.15147297446228042,0.12341631949585509
Run 35,0.0796395286421829,0.2009287931711999,0.4261179456113251,0.18363642533893884,0.10967730723635322
Run 36,0.10091876354406261,0.21589671565567214,0.3783471279388753,0.13062337143691896,0.17421402142447098
Run 37,0.0892977725324313,0.21774553250596437,0.4223684587348556,0.1617445987724426,0.10884363745430613
Run 38,0.10105863254249639,0.20365783776060395,0.42147997654042324,0.15500461595865828,0.11879893719781796
Run 39,0.09666805245941738,0.19286013259130377,0.4544019379957492,0.16923816522980548,0.0868317117237242
Run 40,0.10487309100136166,0.2182505995643767,0.4719759848997846,0.13250318973036312,0.07239713480411397
Run 41,0.08060556602516594,0.21542719347789652,0.4028133262397759,0.16075803696844923,0.14039587728871233
Run 42,0.09298487074007619,0.19947237391286735,0.4251531381013816,0.140814940933053,0.14157467631262188
Run 43,0.09527758615657304,0.22242935521066043,0.42719631346900233,0.12926579037525132,0.1258309547885129
Run 44,0.10159522735950896,0.1915748502072682,0.45303311259894724,0.15767924725158275,0.09611756258269279
Run 45,0.07304216250097764,0.24237241962367553,0.4361180791599326,0.15243121020797443,0.0960361285074397
Run 46,0.11737765041758295,0.12133691224657968,0.4568921262970418,0.21430111824946005,0.09009219278933553
Run 47,0.0950198511444751,0.18130274390733325,0.4524289581485091,0.14613584419255313,0.12511260260712942
Run 48,0.08500169657665484,0.2028721650719587,0.4424287355037905,0.15566256772737183,0.11403483512022417
Run 49,0.09920268742796659,0.15461194110774698,0.44190114149250276,0.17019464957545719,0.1340895803963264
Run 50,0.07019944904799419,0.2379987419847575,0.4402209705409096,0.14020118116337524,0.1113796572629635
Run 51,0.10568309287981133,0.2106300092040685,0.4527084995771634,0.14384836618788072,0.08713003215107612
Run 52,0.09908532277430711,0.2146254300550156,0.44263586171856556,0.11646351543447749,0.12718987001763404
Run 53,0.09229925482120456,0.24564845748654207,0.4220926272660258,0.15212616181836322,0.08783349860786453
Run 54,0.08163166920016936,0.18824582396807188,0.43309609103337754,0.1526420432685379,0.14438437252984337
Run 55,0.10238223556617312,0.17726684557166855,0.4657593085286338,0.16007324392410538,0.09451836640941907
Run 56,0.05995027569110918,0.23376035680239832,0.414965277152834,0.15397976243573128,0.13734432791792714
Run 57,0.08949838055280177,0.2015423332612674,0.4774718858769522,0.1317123412188892,0.0997750590900895
Run 58,0.09762489001633533,0.21912013192954444,0.4071997352828024,0.1621329815718484,0.11392226119946938
Run 59,0.11474781957325353,0.20986882998501397,0.3892802778520885,0.14857251657177636,0.13753055601786762
Run 60,0.10993993620927964,0.18851329028629982,0.46405481645188135,0.1796868016246443,0.05780515542789489
Run 61,0.10522479581291722,0.17536676197243378,0.4541136759811511,0.19854484924615734,0.06674991698734052
Run 62,0.10778168631701382,0.18132501723520178,0.46104820218381276,0.14481716015064072,0.105027934113331
Run 63,0.09816853404308257,0.18175868512690968,0.45822448012867917,0.19205210033594133,0.06979620036538711
Run 64,0.08580093555073416,0.17890971452970275,0.4425782444556699,0.1847228406479544,0.10798826481593883
Run 65,0.10003712955968355,0.22327089270789302,0.42749576832686925,0.0953138872619145,0.15388232214363978
Run 66,0.096425814915754,0.1605874382177159,0.47568286077104044,0.14836969425371138,0.11893419184177823
Run 67,0.09179239607539559,0.15743894648258297,0.41830472169063815,0.21620474085451533,0.1162591948968679
Run 68,0.11138759783941983,0.16481087290969068,0.3978486763060403,0.19309293776240172,0.1328599151824474
Run 69,0.1065738155794861,0.1938985113191488,0.4209548078375868,0.14876975160359818,0.12980311366018008
Run 70,0.14022780393965895,0.21982946859459299,0.3704389608989545,0.18023484141007723,0.08926892515671635
Run 71,0.09300058559556651,0.15134998955362908,0.4610036793515518,0.1766828168723219,0.11796292862693064
Run 72,0.09854393975251666,0.196457430007567,0.4469363046053956,0.15822434313022493,0.09983798250429592
Run 73,0.10595371746613977,0.22147297626676235,0.43845161726390613,0.12708417893818538,0.10703751006500642
Run 74,0.15388147061150362,0.1648197439127475,0.36253685534689284,0.14612530249671538,0.17263662763214063
Run 75,0.094191447340765,0.20788658113498928,0.4244147693537319,0.18276682827183402,0.0907403738986798
Run 76,0.09205893551514387,0.19521138083398493,0.41005135052460034,0.182915229443153,0.11976310368311796
Run 77,0.10347499927101639,0.17604553738370976,0.4371416324587502,0.14905349807664314,0.13428433280988053
Run 78,0.1059935661399127,0.17070120259526742,0.4534124795554423,0.14520176164719742,0.1246909900621802
Run 79,0.09166392193107323,0.20810229891338347,0.4490411512196214,0.16608448100135811,0.08510814693456377
Run 80,0.09755746867117857,0.24496638478896832,0.4128477598099803,0.1557981982925965,0.08883018843727629
Run 81,0.09983085269654375,0.167688424033568,0.47159921893841644,0.149311407783243,0.1115700965482288
Run 82,0.0940587285704296,0.1843901924416797,0.47384902890297537,0.165743475980049,0.08195857410486637
Run 83,0.1040589382214916,0.22430814865844448,0.4287760208447658,0.14745374600840092,0.09540314626689711
Run 84,0.1116793868358456,0.16217956572247327,0.3870422419550932,0.23901668738572,0.10008211810086809
Run 85,0.06793477034959575,0.2394818262844713,0.41204530298721265,0.14731290567815283,0.1332251947005675
Run 86,0.0841815645579988,0.17839709667110268,0.48516655055896685,0.12395028852400097,0.12830449968793084
Run 87,0.08124307654847979,0.18838157205587774,0.43459425678045294,0.18630932253453455,0.1094717720806549
Run 88,0.0691559802508732,0.24316814834942582,0.4326052401668302,0.13619378198907145,0.11887684924379929
Run 89,0.13054796334371674,0.19779252086563404,0.38261222243236304,0.17640444592092475,0.11264284743736158
Run 90,0.1029582041614143,0.21569310368632838,0.41351090951874125,0.1480001636810858,0.11983761895243022
Run 91,0.0882449086773139,0.1903068666089391,0.4907430290174676,0.13963228766308994,0.09107290803318949
Run 92,0.06776102159385287,0.24135342697038947,0.4432694787216859,0.166888045539622,0.08072802717444977
Run 93,0.10021019346153888,0.16759953353177864,0.39845804463210216,0.19276471601884282,0.14096751235573757
Run 94,0.10617832984936985,0.1964131328325713,0.4396656140278721,0.17061566169740486,0.08712726159278174
Run 95,0.09384303409349866,0.17901907469759992,0.4441899454694435,0.1643523834609957,0.11859556227846225
Run 96,0.10312721922475232,0.17767566105971402,0.41733897218523147,0.1742784697387109,0.12757967779159132
Run 97,0.09789543804701603,0.19121537806628994,0.4818186527995077,0.15097220124359684,0.07809832984358951
Run 98,0.07788793087081218,0.14999748535415297,0.4368874036294036,0.23941229529391428,0.0958148848517171
Run 99,0.07749125510878382,0.19395854939475038,0.41184450817530016,0.15041791158906417,0.1662877757321015
Run 100,0.10699997069423754,0.20920109009287785,0.3295664917239298,0.21670576717221396,0.1375266803167408
Mean,0.1,0.194,0.431,0.163,0.111
95% CI,"(0.097, 0.104)","(0.19, 0.199)","(0.424, 0.437)","(0.159, 0.168)","(0.106, 0.116)"
