,sigma,tau,V_m (nm3),Eccentricity(Ear),Eccentricity(Eal)
Run 1,0.05633788375530766,0.17702110492877288,0.47686885496990117,0.19408788744258407,0.09568426890343426
Run 2,0.1001728002512,0.2272944577832682,0.44770301959242176,0.11577167734444511,0.10905804502866495
Run 3,0.09810875283753237,0.18030576338729928,0.3805540123769859,0.2032983263734133,0.13773314502476922
Run 4,0.1019737850468567,0.21029367550538391,0.3758674988890385,0.18435826689097232,0.12750677366774868
Run 5,0.05765069455775069,0.25695801000935586,0.4730063904421788,0.12420379833999567,0.08818110665071907
Run 6,0.11835250178904619,0.1718998129884609,0.43237088425599207,0.20738469960741235,0.06999210135908854
Run 7,0.11601024153229895,0.2158794764142001,0.41301846635810624,0.1647342886690743,0.09035752702632033
Run 8,0.12583437940657768,0.24823475936869252,0.39302781574889595,0.13752811057247938,0.09537493490335446
Run 9,0.08537747645722578,0.1864174771292403,0.462863898018766,0.13414103548073347,0.13120011291403452
Run 10,0.11664955586382661,0.19158178757490177,0.4634529282468506,0.10418596831089996,0.12412976000352113
Run 11,0.09670767246740461,0.23076014709355663,0.4110399772675424,0.12799553741099665,0.13349666576049965
Run 12,0.08209362577551134,0.2099199981991564,0.3970634127104886,0.146632217241131,0.16429074607371258
Run 13,0.08532467906948135,0.21059218775426336,0.4676844472513596,0.11292098590839322,0.12347770001650234
Run 14,0.10949921416837424,0.1682657983841961,0.4726247822386678,0.15054276357251375,0.09906744163624813
Run 15,0.10085220527937844,0.1583407574005201,0.4360233717892784,0.1695106988824486,0.13527296664837438
Run 16,0.11106918206520026,0.2276842829936777,0.38659547554744195,0.1413994134232705,0.13325164597040956
Run 17,0.08516587443206891,0.20235693633471544,0.5035762832582232,0.13765000669375696,0.07125089928123551
Run 18,0.10177895740318937,0.21943680545209857,0.3837756302250189,0.18096182467137584,0.11404678224831732
Run 19,0.1093583941372507,0.15831228839137,0.40429505254808473,0.18167702297790855,0.1463572419453859
Run 20,0.1075228603995488,0.14690753481784696,0.44759445149282445,0.18755281566402054,0.1104223376257592
Run 21,0.10555165827992524,0.20480343800874296,0.44395260171025935,0.1626585695138215,0.08303373248725088
Run 22,0.08974717505441715,0.1859554473247809,0.5098822812329544,0.13269270800383662,0.08172238838401089
Run 23,0.096181476964143,0.1958891125294076,0.42625287026342057,0.1434885703359199,0.1381879699071089
Run 24,0.10398399583536509,0.1692971698961983,0.411391951803586,0.1238327032793603,0.1914941791854903
Run 25,0.09458973476584434,0.1930603796803095,0.417833365947846,0.17774414875618838,0.11677237084981185
Run 26,0.06865748398403612,0.2378045670282609,0.4555934981291708,0.10976470223762018,0.12817974862091217
Run 27,0.09134052272979133,0.21139355476845118,0.48280971321871025,0.1251874597728561,0.08926874951019115
Run 28,0.09553678970682024,0.19166236623619143,0.4158714591951708,0.1756355382943594,0.12129384656745815
Run 29,0.06653744301303946,0.2262797734300862,0.4108287822622036,0.1602399647604302,0.1361140365342406
Run 30,0.08354963717510464,0.20010572725454476,0.48629394138579357,0.14112733330567578,0.08892336087888125
Run 31,0.08355224007032219,0.22869146382059058,0.4801962901762163,0.12190540464929403,0.08565460128357678
Run 32,0.07323755314376139,0.20886097932483005,0.4704401800730246,0.16134745481543702,0.08611383264294693
Run 33,0.11048098816922984,0.1788311721092263,0.44385101538834415,0.13668573730739797,0.13015108702580178
Run 34,0.12141601931895035,0.19453887645819792,0.42428408603506346,0.1154386089577686,0.14432240923001974
Run 35,0.11121284749222482,0.19886902967989425,0.42028002331215386,0.1775248474852555,0.09211325203047158
Run 36,0.07545621524835551,0.19204395571308297,0.4094073067047341,0.1410742596360272,0.1820182626978003
Run 37,0.08430370617882899,0.2192735535404593,0.4206052508821847,0.13946590653081803,0.13635158286770896
Run 38,0.09670931562019375,0.2114171859823648,0.43076281571506486,0.13157698353690664,0.12953369914546983
Run 39,0.14119249243862245,0.20415197587902095,0.38405703312428185,0.1343004411562726,0.1362980574018023
Run 40,0.08791973988789599,0.15801902766947623,0.4181479796979885,0.204161932349732,0.13175132039490725
Run 41,0.09011529526974436,0.22245958713318795,0.46628058035754133,0.15967035074717442,0.06147418649235196
Run 42,0.06099645557638162,0.21056674321994212,0.4101042883730555,0.16251457853884635,0.15581793429177437
Run 43,0.08744696498925057,0.21353917064881936,0.3945024576120956,0.19134600599599827,0.11316540075383609
Run 44,0.08495185899586621,0.19385374307800193,0.4107882792094404,0.1968931792294753,0.11351293948721611
Run 45,0.11628237061527505,0.15225187810488505,0.43821758965793767,0.1626675279601701,0.130580633661732
Run 46,0.09105577169673981,0.19661946022840124,0.40080644602232157,0.17827641145932688,0.13324191059321053
Run 47,0.07985516269470268,0.213605132781333,0.4128236478566719,0.1720568185604,0.12165923810689239
Run 48,0.0530765576631068,0.23105748820441302,0.40781978970406746,0.1515156471400592,0.15653051728835354
Run 49,0.11494938808088205,0.20767113371340246,0.47308340437737695,0.1312648899186745,0.07303118390966398
Run 50,0.09581033682320346,0.17016673798703086,0.4285703259853786,0.18086069879531005,0.12459190040907706
Run 51,0.0998411414724071,0.18211869712456671,0.41978884401754013,0.2093275868627331,0.08892373052275294
Run 52,0.07796679447546219,0.21760962975131887,0.5051134280616209,0.14674846596983357,0.052561681741764454
Run 53,0.101976024865184,0.18514903980367636,0.4329411437448049,0.16579063968861624,0.11414315189771844
Run 54,0.10973322206899208,0.16906891642401456,0.42073789095712105,0.18739795058488054,0.11306201996499168
Run 55,0.1103132523157368,0.18239198151327812,0.45871122391632346,0.15818658652181455,0.0903969557328471
Run 56,0.084228098082179,0.21593762385385398,0.44247677215237396,0.13300473337450733,0.12435277253708575
Run 57,0.09475976108597975,0.21007937175725805,0.38240709962263464,0.19287895865231536,0.11987480888181223
Run 58,0.09252806693601152,0.18049683951421971,0.49660077611418263,0.14680381687473848,0.08357050056084771
Run 59,0.1257000382270883,0.1514645939777248,0.37507578490357296,0.20881378787612856,0.13894579501548546
Run 60,0.08719116843366624,0.19232356117569274,0.4223600760488077,0.2149158238673689,0.08320937047446449
Run 61,0.06977384580554132,0.19467321826499492,0.42804808340318107,0.18091332921943365,0.12659152330684906
Run 62,0.11795486414341017,0.17723381960199616,0.42341316322162625,0.21971371882470048,0.06168443420826697
Run 63,0.13319477493218426,0.15514313159730386,0.4068721004647508,0.1735753878853857,0.1312146051203755
Run 64,0.1148576498147006,0.19011283444719657,0.3725816696545175,0.19983989006815103,0.12260795601543428
Run 65,0.11295512887314138,0.18788860334815377,0.46822917819030707,0.15077654348880998,0.08015054609958788
Run 66,0.11085344524487299,0.15042046361777123,0.4554822795074077,0.1898037804165427,0.09344003121340545
Run 67,0.1259924355990177,0.11613158875616816,0.4011882465872484,0.25326596368685045,0.10342176537071528
Run 68,0.060190713220526756,0.2342829966146944,0.4910904835650978,0.12898426336507882,0.08545154323460204
Run 69,0.12158478317748735,0.17976679789575745,0.37549550544133353,0.18404245881061332,0.13911045467480834
Run 70,0.0951594441054918,0.1701303210553125,0.4258286958387421,0.22827013452641529,0.08061140447403826
Run 71,0.07328342114730486,0.16303790502525592,0.40809386336519216,0.20927948067276358,0.14630532978948343
Run 72,0.10407441756144052,0.1662988740096408,0.4383764583949434,0.1692868295936958,0.12196342044027947
Run 73,0.08938969358134186,0.18022115051851417,0.4284012656940508,0.203142082811257,0.09884580739483616
Run 74,0.11169158206865255,0.22483665287839563,0.42981685046343276,0.14220257535445227,0.09145233923506682
Run 75,0.12259602575804657,0.17191900363518195,0.3977423645890875,0.19976063904767655,0.10798196697000727
Run 76,0.055472682684396576,0.23316216075220564,0.46638760390606476,0.11884131620815926,0.12613623644917388
Run 77,0.12457080877803874,0.17539545640765258,0.4366852691429859,0.160453433130028,0.10289503254129478
Run 78,0.09202607406094161,0.22385999655502536,0.48959735097071355,0.10531324577851874,0.08920333263480078
Run 79,0.10578595342300894,0.213895679500171,0.42977825270677333,0.15404686730233247,0.09649324706771434
Run 80,0.08887396803252286,0.18631205091167044,0.40410768765466254,0.1876734880915202,0.13303280530962386
Run 81,0.09448181439009265,0.13937717816363274,0.42925529395619055,0.2201349181665396,0.11675079532354456
Run 82,0.07083622039286505,0.20581375695003726,0.44286894448150466,0.1757136508672167,0.10476742730837628
Run 83,0.09264344355828688,0.21348635585488843,0.40878060203117306,0.15632755676992688,0.1287620417857248
Run 84,0.08350039254713698,0.21338814812219298,0.4619226913753045,0.15408398682566687,0.08710478112969883
Run 85,0.08887562611305083,0.20760087737655378,0.43692356021156475,0.15365180245541235,0.11294813384341826
Run 86,0.06552722138920443,0.20773503950488137,0.5036346821199366,0.13665294130091327,0.08645011568506432
Run 87,0.09395508990014086,0.19602018174917146,0.42302977077238557,0.19604963047851098,0.09094532709979129
Run 88,0.08271408817257733,0.1943901504363456,0.42781446168331666,0.13984861765962175,0.15523268204813867
Run 89,0.09090161811836353,0.1951569831566429,0.4519573670880745,0.14077773094739582,0.12120630068952312
Run 90,0.11791900140233709,0.19089106182839136,0.4457260859644821,0.1392396331640632,0.10622421764072634
Run 91,0.08274012233573246,0.1682195166200637,0.41987248784948733,0.2221931297208959,0.10697474347382069
Run 92,0.07782948823605255,0.17712348250585208,0.45465163126912406,0.19939065771897738,0.09100474026999406
Run 93,0.12477526924153703,0.1672738658437393,0.3994687729899976,0.1836369548817387,0.12484513704298726
Run 94,0.10561201468350509,0.1746018775512535,0.389878886063354,0.1988183264565156,0.13108889524537193
Run 95,0.0867014668009858,0.2405925426989474,0.4187337452929581,0.13961448222343306,0.11435776298367556
Run 96,0.1293701832155767,0.13651855487276024,0.42431497435593213,0.18809357838419064,0.12170270917154033
Run 97,0.13977194322198128,0.19073892193037523,0.4232525073018406,0.17916595435293467,0.06707067319286829
Run 98,0.08411074198162806,0.18539683682416194,0.43196387472460535,0.1642262569507201,0.13430228951888443
Run 99,0.07729773683183734,0.2157368414672142,0.4623090262947685,0.14320356776779394,0.101452827638386
Run 100,0.09143465020826497,0.2281454525785302,0.4081403154888358,0.12419021421715506,0.14808936750721396
Mean,0.096,0.195,0.432,0.164,0.113
95% CI,"(0.092, 0.1)","(0.189, 0.2)","(0.426, 0.439)","(0.158, 0.17)","(0.108, 0.118)"
